 Ampére: 463547, 462600;
 Francisco Beltrão = [
  462601, 462520, 463035, 463055, 463057, 463523, 463524, 463527, 463905,
  463211, 463022, 463341, 463520, 463060, 463901
];
 Marmeleiro = [462808, 463525, 463529];
 Realeza = 463543, 462602;
 Capanema = 463552, 462603;
 Vitorino = 463227, 462802;
 pato Branco = [
  462101, 463021, 463025, 463027, 463122, 463199, 463220, 463223, 463224,
  463225, 463235, 463312, 463313, 463321, 464101, 463040, 462604
];
 Planalto = [462555, 463555, 462606];
 Dois Vizinhos = [463010, 463536, 463581, 462605];
 Coronel Vivida = [463232, 463233, 463255, 462803];
 São Lourenço do Oeste = [493344, 493837, 493388, 493600];
 Mangueirinha = [463243, 463253, 463264, 463267, 462801];
 Ponta Grossa = [
  423026, 423027, 423028, 423029, 423086, 423087, 423088, 423089, 423227,
  423236, 423224, 423226, 423228, 423238, 423225, 423323, 423229, 423243,
  423223, 423122, 423222, 423239, 423235, 423025, 422702
];
 Cascavel = [
  453039, 453038, 453037, 453036, 453035, 453096, 453097, 453098, 453099,
  453226, 453306, 453326, 453220, 453040, 453323, 453222, 453223, 452800, 453288
];
 Laranjeiras do Sul = 423635, 422704;
 Candói = [423638, 423662, 423682, 422705];
 Pinhão = [423686, 423677, 423665, 423664, 422703];